	1931	1932	1933	1934	1935	1936	1937	1938	1939	1940	1941	1942	1943	1944	1945	1946	1947	1948	1949	1950	1951	1952	1953	1954	1955	1956	1957	1958	1959	1960	Átlag	Arány
január	74,7	34,7	6,1	16,7	51,4	101,3	68,7	101,2	68,3	48,1	54	40,8	62,1	78,8	39,2	80,2	49,2	66,5	88,5	105,3	77,1	66,8	59	66,9	49,1	94,9	65,5	66,3	79,2	64,5		
február	51,5	120	74,3	129,4	113,1	77,2	75,3	154,1	112,2	114,1	66,6	58,9	164	56,7	75,1	78,3	27,1	97,6	158,2	77,3	109,4	61,5	91,7	81	76,2	109,7	114	63,5	112,3	119,4		
március	148,5	110,1	148,6	154,5	154,1	159,4	119,5	191,1	88,5	162,9	131,5	86,3	208,6	80	130,3	176,8	110,6	224,6	180,6	205	125,9	145,5	232,7	101,6	91,3	118,6	201,8	142,6	163,6	108,6		
április	217	192,9	165,1	194,2	204,9	175,2	151,5	188	241	215,5	129,4	146	212,6	174,8	201,9	255,6	239,7	198,7	240,7	195,8	203,7	279,9	226,4	150,2	213,8	178,3	218	136,3	196,4	173,6		
május	314,1	280,6	181,4	326,3	289,6	258,6	321	238,1	176,8	200,6	243,9	283,4	250,6	236,1	300,2	264,4	232,8	266,7	242,5	294	227,2	249,6	277,5	260,3	311	249,9	170,6	322,7	247,4	236		
június	345,7	286,2	188,8	272,1	350,5	303,7	278,5	363,6	296,5	191,1	268,7	300,5	260,5	291,4	317,8	343,2	273,5	260,5	236	310,2	279,8	310,9	245,4	268,5	272,3	219,7	341,2	254	259,8	299,2		
július	364	361,1	314	316,7	322,9	363,1	321,7	321,6	371	337,8	289,1	335,9	346,7	272,8	310,9	369,3	317,9	309,8	261,4	340,3	334,3	372,4	351,9	286	215,6	370	315,9	347,4	270,1	274,8		
augusztus	290,2	308,4	310	281,1	288,6	315	239,6	247,5	265,6	252,1	276,1	322,2	350,1	324,9	291,8	333,3	302,5	292,4	286,6	326,2	320	320,5	304,7	312,8	245,8	337,5	294,9	310,4	282,8	329,1		
szeptember	115,2	244,3	219,4	215,8	253,1	229,5	236,7	222,3	239,9	213,9	200,8	267,4	203,5	186,2	195,5	268,5	268,1	231,5	235,4	213,8	214	207,5	243,2	241,4	216,6	280,9	206,2	228,4	247,9	211,9		
október	183,4	128	118	157,3	197,3	111,4	180,4	157,1	98,1	154,2	147,7	212,5	191,3	92,3	147,4	148,3	175,2	165,3	188,1	187,6	171,1	149,8	192,8	147,4	132,7	208,8	185,2	158,4	216,1	148		
november	115,9	109,8	93	109	140,5	83,6	57,5	97,2	57,5	74,6	43,2	66,3	70,4	67,4	75,6	45,7	64,4	48,3	44,1	69,5	95,8	75,2	118,3	61,2	70,3	67,4	102,6	54,4	89	49,4		
december	91,1	36,3	41,4	21,1	68,6	81,3	24,3	39,5	66,2	45,4	83,3	72,4	45,9	20,5	67,2	65,8	35,2	56,9	86,9	41,3	74,8	35,1	94	50,6	56,5	53	45,3	98,6	43,6	58		
Összesen



	Legnagyobb:
	Második legnagyobb:
	Legkisebb:
	Második legkisebb:
	2000-nél kevesebb:
	…aránya:
